03e8
0000
fc18
0000
03e8
0000
fc18
0000
03e8
0000
fc18
0000
03e8
0000
fc18
0000
03e8
0000
fc18
0000
03e8
0000
fc18
0000
03e8
0000
fc18
0000
03e8
0000
fc18
0000
03e8
0000
fc18
0000
03e8
0000
fc18
0000
03e8
0000
fc18
0000
03e8
0000
fc18
0000
03e8
0000
fc18
0000
03e8
0000
fc18
0000
03e8
0000
fc18
0000
03e8
0000
fc18
0000
03e8
0000
fc18
0000
03e8
0000
fc18
0000
03e8
0000
fc18
0000
03e8
0000
fc18
0000
03e8
0000
fc18
0000
03e8
0000
fc18
0000
03e8
0000
fc18
0000
03e8
0000
fc18
0000
03e8
0000
fc18
0000
03e8
0000
fc18
0000
03e8
0000
fc18
0000
03e8
0000
fc18
0000
03e8
0000
fc18
0000
03e8
0000
fc18
0000
03e8
0000
fc18
0000
03e8
0000
fc18
0000
03e8
0000
fc18
0000
03e8
0000
fc18
0000
03e8
0000
fc18
0000
03e8
0000
fc18
0000
03e8
0000
fc18
0000
03e8
0000
fc18
